1 0.605267 0.894881 0.046567 0.037075
1 0.605267 0.827181 0.048000 0.036000
1 0.605267 0.756250 0.049433 0.036000
1 0.449442 0.349225 0.045850 0.036538
0 0.905233 0.019150 0.021417 0.018650
0 0.942187 0.188812 0.020725 0.015025
0 0.647237 0.082353 0.026242 0.016581
0 0.616846 0.119909 0.022108 0.018131
0 0.616846 0.149444 0.020725 0.013987
0 0.617192 0.178191 0.021417 0.014506
0 0.616846 0.326878 0.023492 0.016581
0 0.617192 0.345528 0.022800 0.014506
0 0.616500 0.363141 0.021417 0.015544
0 0.649308 0.390600 0.023483 0.017612
0 0.942192 0.454841 0.024867 0.013469
0 0.943571 0.801162 0.023492 0.015025
0 0.810946 0.935081 0.019342 0.017612
0 0.190650 0.935859 0.026250 0.017094
0 0.358850 0.936897 0.021417 0.016056
0 0.378538 0.935859 0.019342 0.017094
0 0.171312 0.544203 0.019342 0.017094
0 0.588179 0.019409 0.021408 0.018131
0 0.073038 0.182678 0.023058 0.017294
0 0.073375 0.124941 0.023733 0.017806
0 0.073038 0.155716 0.021708 0.018319
0 0.073996 0.338478 0.025758 0.016469
1 0.890392 0.830734 0.046267 0.034169
1 0.834638 0.129163 0.037642 0.027163
1 0.805817 0.106294 0.038117 0.025012
1 0.766983 0.141491 0.035733 0.025369
1 0.747683 0.104150 0.037167 0.027875
1 0.574013 0.345541 0.045258 0.033231
1 0.513500 0.346969 0.047167 0.033238
1 0.573533 0.148816 0.045267 0.034306
1 0.518742 0.150425 0.047167 0.033950
1 0.456408 0.149503 0.045117 0.034169
1 0.235871 0.148525 0.042625 0.034463
1 0.181588 0.148775 0.043292 0.034963
1 0.121646 0.148775 0.045958 0.033963
0 0.073237 0.307875 0.029808 0.019312
0 0.386179 0.018294 0.021808 0.017375
0 0.616596 0.702184 0.024392 0.015244
0 0.226963 0.568600 0.020458 0.016363
1 0.210896 0.329109 0.047292 0.032969
1 0.171262 0.360078 0.045292 0.031969
1 0.136362 0.925241 0.025792 0.018269
1 0.136362 0.874466 0.025792 0.019881
1 0.138154 0.816166 0.027942 0.019344
1 0.139946 0.756522 0.024358 0.018269
1 0.139229 0.704666 0.021492 0.017731
1 0.142450 0.653622 0.023650 0.016656
1 0.219113 0.925241 0.026508 0.016119
1 0.219829 0.874197 0.026508 0.020419
1 0.221971 0.817241 0.026508 0.017194
1 0.224837 0.758134 0.023642 0.018269
1 0.225196 0.704666 0.022925 0.017731
1 0.224837 0.652547 0.027942 0.018806
