1 0.394733 0.105119 0.046567 0.037075
1 0.394733 0.172819 0.048000 0.036000
1 0.394733 0.243750 0.049433 0.036000
1 0.550558 0.650775 0.045850 0.036538
0 0.094767 0.980850 0.021417 0.018650
0 0.057813 0.811188 0.020725 0.015025
0 0.352763 0.917647 0.026242 0.016581
0 0.383154 0.880091 0.022108 0.018131
0 0.383154 0.850556 0.020725 0.013987
0 0.382808 0.821809 0.021417 0.014506
0 0.383154 0.673122 0.023492 0.016581
0 0.382808 0.654472 0.022800 0.014506
0 0.383500 0.636859 0.021417 0.015544
0 0.350692 0.609400 0.023483 0.017612
0 0.057808 0.545159 0.024867 0.013469
0 0.056429 0.198838 0.023492 0.015025
0 0.189054 0.064919 0.019342 0.017612
0 0.809350 0.064141 0.026250 0.017094
0 0.641150 0.063103 0.021417 0.016056
0 0.621462 0.064141 0.019342 0.017094
0 0.828688 0.455797 0.019342 0.017094
0 0.411821 0.980591 0.021408 0.018131
0 0.926962 0.817322 0.023058 0.017294
0 0.926625 0.875059 0.023733 0.017806
0 0.926962 0.844284 0.021708 0.018319
0 0.926004 0.661522 0.025758 0.016469
1 0.109608 0.169266 0.046267 0.034169
1 0.165362 0.870837 0.037642 0.027163
1 0.194183 0.893706 0.038117 0.025012
1 0.233017 0.858509 0.035733 0.025369
1 0.252317 0.895850 0.037167 0.027875
1 0.425987 0.654459 0.045258 0.033231
1 0.486500 0.653031 0.047167 0.033238
1 0.426467 0.851184 0.045267 0.034306
1 0.481258 0.849575 0.047167 0.033950
1 0.543592 0.850497 0.045117 0.034169
1 0.764129 0.851475 0.042625 0.034463
1 0.818412 0.851225 0.043292 0.034963
1 0.878354 0.851225 0.045958 0.033963
0 0.926763 0.692125 0.029808 0.019312
0 0.613821 0.981706 0.021808 0.017375
0 0.383404 0.297816 0.024392 0.015244
0 0.773037 0.431400 0.020458 0.016363
1 0.789104 0.670891 0.047292 0.032969
1 0.828738 0.639922 0.045292 0.031969
1 0.863638 0.074759 0.025792 0.018269
1 0.863638 0.125534 0.025792 0.019881
1 0.861846 0.183834 0.027942 0.019344
1 0.860054 0.243478 0.024358 0.018269
1 0.860771 0.295334 0.021492 0.017731
1 0.857550 0.346378 0.023650 0.016656
1 0.780887 0.074759 0.026508 0.016119
1 0.780171 0.125803 0.026508 0.020419
1 0.778029 0.182759 0.026508 0.017194
1 0.775163 0.241866 0.023642 0.018269
1 0.774804 0.295334 0.022925 0.017731
1 0.775163 0.347453 0.027942 0.018806
