1 0.894881 0.394733 0.037075 0.046567
1 0.827181 0.394733 0.036000 0.048000
1 0.756250 0.394733 0.036000 0.049433
1 0.349225 0.550558 0.036538 0.045850
0 0.019150 0.094767 0.018650 0.021417
0 0.188812 0.057813 0.015025 0.020725
0 0.082353 0.352763 0.016581 0.026242
0 0.119909 0.383154 0.018131 0.022108
0 0.149444 0.383154 0.013987 0.020725
0 0.178191 0.382808 0.014506 0.021417
0 0.326878 0.383154 0.016581 0.023492
0 0.345528 0.382808 0.014506 0.022800
0 0.363141 0.383500 0.015544 0.021417
0 0.390600 0.350692 0.017612 0.023483
0 0.454841 0.057808 0.013469 0.024867
0 0.801162 0.056429 0.015025 0.023492
0 0.935081 0.189054 0.017612 0.019342
0 0.935859 0.809350 0.017094 0.026250
0 0.936897 0.641150 0.016056 0.021417
0 0.935859 0.621462 0.017094 0.019342
0 0.544203 0.828688 0.017094 0.019342
0 0.019409 0.411821 0.018131 0.021408
0 0.182678 0.926962 0.017294 0.023058
0 0.124941 0.926625 0.017806 0.023733
0 0.155716 0.926962 0.018319 0.021708
0 0.338478 0.926004 0.016469 0.025758
1 0.830734 0.109608 0.034169 0.046267
1 0.129163 0.165362 0.027163 0.037642
1 0.106294 0.194183 0.025012 0.038117
1 0.141491 0.233017 0.025369 0.035733
1 0.104150 0.252317 0.027875 0.037167
1 0.345541 0.425987 0.033231 0.045258
1 0.346969 0.486500 0.033238 0.047167
1 0.148816 0.426467 0.034306 0.045267
1 0.150425 0.481258 0.033950 0.047167
1 0.149503 0.543592 0.034169 0.045117
1 0.148525 0.764129 0.034463 0.042625
1 0.148775 0.818412 0.034963 0.043292
1 0.148775 0.878354 0.033963 0.045958
0 0.307875 0.926763 0.019312 0.029808
0 0.018294 0.613821 0.017375 0.021808
0 0.702184 0.383404 0.015244 0.024392
0 0.568600 0.773037 0.016363 0.020458
1 0.329109 0.789104 0.032969 0.047292
1 0.360078 0.828738 0.031969 0.045292
1 0.925241 0.863638 0.018269 0.025792
1 0.874466 0.863638 0.019881 0.025792
1 0.816166 0.861846 0.019344 0.027942
1 0.756522 0.860054 0.018269 0.024358
1 0.704666 0.860771 0.017731 0.021492
1 0.653622 0.857550 0.016656 0.023650
1 0.925241 0.780887 0.016119 0.026508
1 0.874197 0.780171 0.020419 0.026508
1 0.817241 0.778029 0.017194 0.026508
1 0.758134 0.775163 0.018269 0.023642
1 0.704666 0.774804 0.017731 0.022925
1 0.652547 0.775163 0.018806 0.027942
