0 0.557775 0.615419 0.035300 0.017063
0 0.171912 0.517481 0.030575 0.015288
0 0.444550 0.495056 0.031050 0.016487
1 0.300063 0.565844 0.069375 0.032362
1 0.339363 0.301519 0.064725 0.032362
1 0.599063 0.229469 0.066275 0.033137
1 0.303150 0.449862 0.035450 0.017725
1 0.404862 0.450638 0.038525 0.017725
1 0.701562 0.677194 0.067825 0.033137
1 0.508138 0.639437 0.032375 0.017725
1 0.502738 0.750787 0.040075 0.018500
0 0.160150 0.773050 0.032950 0.015875
0 0.253088 0.818050 0.028225 0.020000
0 0.608350 0.496006 0.035300 0.018238
0 0.217788 0.391606 0.030575 0.017637
0 0.155438 0.236319 0.035275 0.017638
0 0.447188 0.236319 0.035275 0.016462
0 0.517188 0.321612 0.034125 0.020000
0 0.493075 0.139556 0.032950 0.020588
0 0.628350 0.132506 0.032950 0.018237
0 0.560125 0.762169 0.035300 0.014112
