0 0.442225 0.384581 0.035300 0.017063
0 0.828088 0.482519 0.030575 0.015288
0 0.555450 0.504944 0.031050 0.016487
1 0.699937 0.434156 0.069375 0.032362
1 0.660637 0.698481 0.064725 0.032362
1 0.400937 0.770531 0.066275 0.033137
1 0.696850 0.550138 0.035450 0.017725
1 0.595138 0.549362 0.038525 0.017725
1 0.298438 0.322806 0.067825 0.033137
1 0.491862 0.360563 0.032375 0.017725
1 0.497262 0.249213 0.040075 0.018500
0 0.839850 0.226950 0.032950 0.015875
0 0.746912 0.181950 0.028225 0.020000
0 0.391650 0.503994 0.035300 0.018238
0 0.782212 0.608394 0.030575 0.017637
0 0.844562 0.763681 0.035275 0.017638
0 0.552812 0.763681 0.035275 0.016462
0 0.482812 0.678388 0.034125 0.020000
0 0.506925 0.860444 0.032950 0.020588
0 0.371650 0.867494 0.032950 0.018237
0 0.439875 0.237831 0.035300 0.014112
