0 0.636786 0.403069 0.018316 0.015071
0 0.687638 0.198354 0.013250 0.018183
0 0.637730 0.612500 0.016259 0.016258
0 0.217505 0.319140 0.013209 0.017612
1 0.823294 0.222525 0.032112 0.044008
1 0.602520 0.230850 0.029434 0.041625
1 0.514213 0.486560 0.029437 0.044004
1 0.213606 0.506779 0.029437 0.046383
1 0.694844 0.358704 0.032113 0.042817
1 0.782259 0.510346 0.028544 0.041625
0 0.824213 0.291360 0.013212 0.021679
0 0.126014 0.657863 0.014791 0.023008
0 0.499089 0.655123 0.013147 0.021913
0 0.211477 0.608010 0.019722 0.024104
0 0.173600 0.288902 0.011612 0.018421
0 0.113050 0.123796 0.012081 0.020783
0 0.277108 0.234725 0.015197 0.016108
0 0.442139 0.292140 0.011691 0.016629
0 0.494941 0.190044 0.014419 0.017146
0 0.496498 0.318638 0.013641 0.018708
0 0.826561 0.124575 0.013641 0.024417
0 0.900991 0.394235 0.014419 0.017146
0 0.872348 0.608302 0.015584 0.020262
0 0.908588 0.655583 0.015587 0.021300
0 0.728750 0.456325 0.015200 0.017667
