0 0.615419 0.557775 0.017063 0.035300
0 0.517481 0.171912 0.015288 0.030575
0 0.495056 0.444550 0.016487 0.031050
1 0.565844 0.300063 0.032362 0.069375
1 0.301519 0.339363 0.032362 0.064725
1 0.229469 0.599063 0.033137 0.066275
1 0.449862 0.303150 0.017725 0.035450
1 0.450638 0.404862 0.017725 0.038525
1 0.677194 0.701562 0.033137 0.067825
1 0.639437 0.508138 0.017725 0.032375
1 0.750787 0.502738 0.018500 0.040075
0 0.773050 0.160150 0.015875 0.032950
0 0.818050 0.253088 0.020000 0.028225
0 0.496006 0.608350 0.018238 0.035300
0 0.391606 0.217788 0.017637 0.030575
0 0.236319 0.155438 0.017638 0.035275
0 0.236319 0.447188 0.016462 0.035275
0 0.321612 0.517188 0.020000 0.034125
0 0.139556 0.493075 0.020588 0.032950
0 0.132506 0.628350 0.018237 0.032950
0 0.762169 0.560125 0.014112 0.035300
