0 0.615419 0.442225 0.017063 0.035300
0 0.517481 0.828088 0.015288 0.030575
0 0.495056 0.555450 0.016487 0.031050
1 0.565844 0.699937 0.032362 0.069375
1 0.301519 0.660637 0.032362 0.064725
1 0.229469 0.400937 0.033137 0.066275
1 0.449862 0.696850 0.017725 0.035450
1 0.450638 0.595138 0.017725 0.038525
1 0.677194 0.298438 0.033137 0.067825
1 0.639437 0.491862 0.017725 0.032375
1 0.750787 0.497262 0.018500 0.040075
0 0.773050 0.839850 0.015875 0.032950
0 0.818050 0.746912 0.020000 0.028225
0 0.496006 0.391650 0.018238 0.035300
0 0.391606 0.782212 0.017637 0.030575
0 0.236319 0.844562 0.017638 0.035275
0 0.236319 0.552812 0.016462 0.035275
0 0.321612 0.482812 0.020000 0.034125
0 0.139556 0.506925 0.020588 0.032950
0 0.132506 0.371650 0.018237 0.032950
0 0.762169 0.439875 0.014112 0.035300
