1 0.452363 0.610092 0.013950 0.018917
0 0.184450 0.603658 0.018300 0.023050
1 0.456219 0.513425 0.016638 0.022183
0 0.193600 0.470867 0.018300 0.025733
0 0.581562 0.589133 0.013500 0.019233
0 0.491737 0.727833 0.017225 0.019867
0 0.489175 0.442358 0.014900 0.019850
0 0.581331 0.125858 0.017687 0.019850
0 0.411675 0.032458 0.014425 0.020483
0 0.287169 0.030908 0.013963 0.017383
0 0.155219 0.743658 0.017212 0.022950
0 0.185238 0.739625 0.016750 0.019850
0 0.210375 0.968925 0.016750 0.021717
0 0.340231 0.969242 0.016762 0.019850
0 0.519425 0.971100 0.015825 0.021100
1 0.251069 0.614542 0.031213 0.046383
1 0.292994 0.801858 0.034787 0.047583
1 0.456231 0.840508 0.020513 0.027350
1 0.458462 0.729908 0.019625 0.027350
1 0.448500 0.939700 0.017675 0.023567
1 0.542106 0.934050 0.016688 0.022900
1 0.542356 0.817383 0.018663 0.022567
1 0.541606 0.723942 0.019162 0.019583
