1 0.389908 0.547637 0.018917 0.013950
0 0.396342 0.815550 0.023050 0.018300
1 0.486575 0.543781 0.022183 0.016638
0 0.529133 0.806400 0.025733 0.018300
0 0.410867 0.418438 0.019233 0.013500
0 0.272167 0.508263 0.019867 0.017225
0 0.557642 0.510825 0.019850 0.014900
0 0.874142 0.418669 0.019850 0.017687
0 0.967542 0.588325 0.020483 0.014425
0 0.969092 0.712831 0.017383 0.013963
0 0.256342 0.844781 0.022950 0.017212
0 0.260375 0.814762 0.019850 0.016750
0 0.031075 0.789625 0.021717 0.016750
0 0.030758 0.659769 0.019850 0.016762
0 0.028900 0.480575 0.021100 0.015825
1 0.385458 0.748931 0.046383 0.031213
1 0.198142 0.707006 0.047583 0.034787
1 0.159492 0.543769 0.027350 0.020513
1 0.270092 0.541538 0.027350 0.019625
1 0.060300 0.551500 0.023567 0.017675
1 0.065950 0.457894 0.022900 0.016688
1 0.182617 0.457644 0.022567 0.018663
1 0.276058 0.458394 0.019583 0.019162
