1 0.547637 0.389908 0.013950 0.018917
0 0.815550 0.396342 0.018300 0.023050
1 0.543781 0.486575 0.016638 0.022183
0 0.806400 0.529133 0.018300 0.025733
0 0.418438 0.410867 0.013500 0.019233
0 0.508263 0.272167 0.017225 0.019867
0 0.510825 0.557642 0.014900 0.019850
0 0.418669 0.874142 0.017687 0.019850
0 0.588325 0.967542 0.014425 0.020483
0 0.712831 0.969092 0.013963 0.017383
0 0.844781 0.256342 0.017212 0.022950
0 0.814762 0.260375 0.016750 0.019850
0 0.789625 0.031075 0.016750 0.021717
0 0.659769 0.030758 0.016762 0.019850
0 0.480575 0.028900 0.015825 0.021100
1 0.748931 0.385458 0.031213 0.046383
1 0.707006 0.198142 0.034787 0.047583
1 0.543769 0.159492 0.020513 0.027350
1 0.541538 0.270092 0.019625 0.027350
1 0.551500 0.060300 0.017675 0.023567
1 0.457894 0.065950 0.016688 0.022900
1 0.457644 0.182617 0.018663 0.022567
1 0.458394 0.276058 0.019162 0.019583
