0 0.403069 0.363214 0.015071 0.018316
0 0.198354 0.312362 0.018183 0.013250
0 0.612500 0.362270 0.016258 0.016259
0 0.319140 0.782495 0.017612 0.013209
1 0.222525 0.176706 0.044008 0.032112
1 0.230850 0.397480 0.041625 0.029434
1 0.486560 0.485787 0.044004 0.029437
1 0.506779 0.786394 0.046383 0.029437
1 0.358704 0.305156 0.042817 0.032113
1 0.510346 0.217741 0.041625 0.028544
0 0.291360 0.175787 0.021679 0.013212
0 0.657863 0.873986 0.023008 0.014791
0 0.655123 0.500911 0.021913 0.013147
0 0.608010 0.788523 0.024104 0.019722
0 0.288902 0.826400 0.018421 0.011612
0 0.123796 0.886950 0.020783 0.012081
0 0.234725 0.722892 0.016108 0.015197
0 0.292140 0.557861 0.016629 0.011691
0 0.190044 0.505059 0.017146 0.014419
0 0.318638 0.503502 0.018708 0.013641
0 0.124575 0.173439 0.024417 0.013641
0 0.394235 0.099009 0.017146 0.014419
0 0.608302 0.127652 0.020262 0.015584
0 0.655583 0.091412 0.021300 0.015587
0 0.456325 0.271250 0.017667 0.015200
