0 0.636786 0.596931 0.018316 0.015071
0 0.687638 0.801646 0.013250 0.018183
0 0.637730 0.387500 0.016259 0.016258
0 0.217505 0.680860 0.013209 0.017612
1 0.823294 0.777475 0.032112 0.044008
1 0.602520 0.769150 0.029434 0.041625
1 0.514213 0.513440 0.029437 0.044004
1 0.213606 0.493221 0.029437 0.046383
1 0.694844 0.641296 0.032113 0.042817
1 0.782259 0.489654 0.028544 0.041625
0 0.824213 0.708640 0.013212 0.021679
0 0.126014 0.342137 0.014791 0.023008
0 0.499089 0.344877 0.013147 0.021913
0 0.211477 0.391990 0.019722 0.024104
0 0.173600 0.711098 0.011612 0.018421
0 0.113050 0.876204 0.012081 0.020783
0 0.277108 0.765275 0.015197 0.016108
0 0.442139 0.707860 0.011691 0.016629
0 0.494941 0.809956 0.014419 0.017146
0 0.496498 0.681362 0.013641 0.018708
0 0.826561 0.875425 0.013641 0.024417
0 0.900991 0.605765 0.014419 0.017146
0 0.872348 0.391698 0.015584 0.020262
0 0.908588 0.344417 0.015587 0.021300
0 0.728750 0.543675 0.015200 0.017667
