0 0.363214 0.596931 0.018316 0.015071
0 0.312362 0.801646 0.013250 0.018183
0 0.362270 0.387500 0.016259 0.016258
0 0.782495 0.680860 0.013209 0.017612
1 0.176706 0.777475 0.032112 0.044008
1 0.397480 0.769150 0.029434 0.041625
1 0.485787 0.513440 0.029437 0.044004
1 0.786394 0.493221 0.029437 0.046383
1 0.305156 0.641296 0.032113 0.042817
1 0.217741 0.489654 0.028544 0.041625
0 0.175787 0.708640 0.013212 0.021679
0 0.873986 0.342137 0.014791 0.023008
0 0.500911 0.344877 0.013147 0.021913
0 0.788523 0.391990 0.019722 0.024104
0 0.826400 0.711098 0.011612 0.018421
0 0.886950 0.876204 0.012081 0.020783
0 0.722892 0.765275 0.015197 0.016108
0 0.557861 0.707860 0.011691 0.016629
0 0.505059 0.809956 0.014419 0.017146
0 0.503502 0.681362 0.013641 0.018708
0 0.173439 0.875425 0.013641 0.024417
0 0.099009 0.605765 0.014419 0.017146
0 0.127652 0.391698 0.015584 0.020262
0 0.091412 0.344417 0.015587 0.021300
0 0.271250 0.543675 0.015200 0.017667
