0 0.363214 0.403069 0.018316 0.015071
0 0.312362 0.198354 0.013250 0.018183
0 0.362270 0.612500 0.016259 0.016258
0 0.782495 0.319140 0.013209 0.017612
1 0.176706 0.222525 0.032112 0.044008
1 0.397480 0.230850 0.029434 0.041625
1 0.485787 0.486560 0.029437 0.044004
1 0.786394 0.506779 0.029437 0.046383
1 0.305156 0.358704 0.032113 0.042817
1 0.217741 0.510346 0.028544 0.041625
0 0.175787 0.291360 0.013212 0.021679
0 0.873986 0.657863 0.014791 0.023008
0 0.500911 0.655123 0.013147 0.021913
0 0.788523 0.608010 0.019722 0.024104
0 0.826400 0.288902 0.011612 0.018421
0 0.886950 0.123796 0.012081 0.020783
0 0.722892 0.234725 0.015197 0.016108
0 0.557861 0.292140 0.011691 0.016629
0 0.505059 0.190044 0.014419 0.017146
0 0.503502 0.318638 0.013641 0.018708
0 0.173439 0.124575 0.013641 0.024417
0 0.099009 0.394235 0.014419 0.017146
0 0.127652 0.608302 0.015584 0.020262
0 0.091412 0.655583 0.015587 0.021300
0 0.271250 0.456325 0.015200 0.017667
