0 0.297873 0.616731 0.0146111 0.0247886 0.94375
1 0.652774 0.513594 0.0357065 0.0476136 0.936356
1 0.650542 0.448972 0.037612 0.0457512 0.921839
0 0.672743 0.616305 0.0169725 0.023391 0.921098
1 0.850875 0.573137 0.034655 0.0458471 0.920049
1 0.653994 0.5742 0.0349567 0.045569 0.919157
0 0.875521 0.0733938 0.0173785 0.023434 0.918259
0 0.880083 0.616899 0.017762 0.0211037 0.909754
0 0.843909 0.0729896 0.018544 0.0218841 0.905353
1 0.242002 0.22439 0.0179424 0.0235819 0.89522
0 0.821539 0.617046 0.014484 0.0206474 0.890824
0 0.609515 0.649568 0.0171145 0.0237511 0.887458
1 0.125089 0.136167 0.0188093 0.0248773 0.88717
0 0.0640075 0.191273 0.016987 0.0251925 0.886518
1 0.0748658 0.136568 0.0178441 0.0257926 0.881516
0 0.431888 0.226929 0.015818 0.0214638 0.874536
1 0.346491 0.142068 0.017302 0.0238049 0.873473
0 0.6547 0.617225 0.0143118 0.02245 0.873247
0 0.199178 0.94364 0.013917 0.0224025 0.872545
1 0.182968 0.222567 0.0173733 0.0252885 0.868949
0 0.917194 0.647442 0.0163589 0.0256137 0.863413
1 0.24391 0.605693 0.0368308 0.0480832 0.863135
1 0.183427 0.137749 0.0195386 0.0282311 0.860741
1 0.85046 0.181629 0.0341751 0.0442383 0.860132
0 0.637213 0.616753 0.0147207 0.021062 0.860028
1 0.169197 0.890481 0.0342629 0.0451101 0.854637
1 0.242906 0.139114 0.0184045 0.0245508 0.853071
0 0.817446 0.0728186 0.0170086 0.0235605 0.85122
0 0.850174 0.616985 0.0138134 0.0197606 0.83793
1 0.851096 0.122144 0.0356487 0.0472824 0.833375
1 0.849528 0.518867 0.0343746 0.0467335 0.824107
1 0.295336 0.224683 0.0168186 0.0216602 0.807268
1 0.870761 0.834999 0.0279102 0.0383043 0.798177
0 0.980919 0.904469 0.0198752 0.0208449 0.786902
1 0.172316 0.6054 0.0372741 0.0473144 0.779511
0 0.980846 0.58714 0.0184864 0.0206525 0.778332
1 0.896246 0.747635 0.0292094 0.0391927 0.742684
1 0.670874 0.210829 0.0326044 0.0467863 0.742386
1 0.639663 0.170164 0.033569 0.0471914 0.670912
1 0.893251 0.805477 0.0259604 0.0380715 0.63895
1 0.0746735 0.218962 0.0164079 0.026525 0.631456
1 0.126089 0.220078 0.0200755 0.0264588 0.613522
1 0.10446 0.605813 0.0385036 0.047094 0.577779
1 0.849524 0.45622 0.037072 0.0458535 0.523525
0 0.06476 0.81106 0.0169026 0.0187293 0.511247
1 0.858178 0.767251 0.0262562 0.0363703 0.399071
0 0.691812 0.0729836 0.0175665 0.0302725 0.389982
1 0.347894 0.224826 0.018077 0.0269336 0.36531
0 0.811113 0.942036 0.0138646 0.0212794 0.267455
0 0.545436 0.943515 0.013517 0.021622 0.129856
