1 0.21771 0.489683 0.0284925 0.0414468 0.971955
0 0.0914761 0.3446 0.0156029 0.0211944 0.96777
0 0.362225 0.38745 0.015914 0.0163996 0.96314
1 0.176655 0.777331 0.0319828 0.0434502 0.961302
1 0.485766 0.513678 0.0296452 0.0437368 0.961234
1 0.305126 0.641412 0.032125 0.0426412 0.958567
0 0.0990255 0.605695 0.0142186 0.0171735 0.953053
0 0.127762 0.391748 0.015448 0.0200245 0.952074
0 0.173482 0.875519 0.0137129 0.0245269 0.951796
0 0.363266 0.596904 0.018176 0.0151207 0.949441
1 0.397464 0.76909 0.0292994 0.0414631 0.94849
1 0.786436 0.493127 0.0295216 0.0465288 0.948378
0 0.501055 0.345046 0.0131775 0.0215899 0.948085
0 0.175756 0.708704 0.0130165 0.0219218 0.943418
0 0.788407 0.391935 0.019514 0.0242147 0.941365
0 0.504992 0.80995 0.0143978 0.0171709 0.927365
0 0.557849 0.708012 0.0117601 0.0169052 0.926142
0 0.312354 0.801692 0.0130306 0.0183056 0.924382
0 0.503571 0.681512 0.0137085 0.0187198 0.922107
0 0.874215 0.34217 0.0147964 0.0229514 0.920749
0 0.271191 0.543422 0.0152656 0.0173923 0.919439
0 0.722947 0.765169 0.0151838 0.0161397 0.912064
0 0.782614 0.681072 0.0131046 0.0178618 0.906403
0 0.826549 0.710968 0.0116251 0.0180626 0.864247
0 0.887121 0.876247 0.0124718 0.0208026 0.860143
