1 0.427563 0.688905 0.0532036 0.0738678 0.985669
1 0.756954 0.681789 0.0526321 0.0714246 0.977755
0 0.127029 0.392049 0.0233132 0.0309375 0.971523
0 0.5863 0.390607 0.0243624 0.0339652 0.960706
0 0.686791 0.5044 0.0241446 0.0358349 0.960447
0 0.610125 0.788797 0.0245989 0.0323027 0.949165
0 0.82394 0.552745 0.0246151 0.0364035 0.938373
0 0.609989 0.583844 0.027596 0.0305547 0.937567
0 0.567588 0.76016 0.0244516 0.0302712 0.935455
0 0.638581 0.210914 0.0223334 0.0316958 0.933419
0 0.844066 0.209103 0.0217484 0.0329591 0.912139
