1 0.706987 0.802061 0.0343744 0.0480296 0.975127
1 0.748931 0.61473 0.0309434 0.0464989 0.970124
0 0.418719 0.125797 0.017622 0.0197364 0.963375
0 0.588301 0.0323852 0.0144222 0.0206424 0.957098
1 0.543844 0.840748 0.0204939 0.0273441 0.9464
0 0.789514 0.969133 0.0167179 0.0218666 0.942881
0 0.510762 0.442267 0.0147611 0.0199221 0.941969
1 0.458454 0.724043 0.0194767 0.0194966 0.93992
0 0.806096 0.470893 0.0180103 0.0257011 0.933784
1 0.457882 0.934159 0.0169397 0.0231031 0.933512
1 0.457698 0.817368 0.0188305 0.0231969 0.930277
1 0.551606 0.939869 0.0174548 0.0234621 0.928782
1 0.543698 0.513587 0.0165428 0.0224228 0.928423
0 0.659655 0.969409 0.0165221 0.0200641 0.925166
0 0.71271 0.0309146 0.0137868 0.0172891 0.924678
0 0.508434 0.727865 0.0170734 0.0197772 0.92143
1 0.541664 0.729691 0.0194182 0.0270763 0.917654
0 0.418238 0.589057 0.0136666 0.0192451 0.914234
0 0.480692 0.97131 0.0156393 0.0210909 0.902661
0 0.844892 0.743531 0.0173752 0.0229385 0.885891
0 0.815744 0.603785 0.0179606 0.0234474 0.88249
1 0.547615 0.610159 0.013685 0.0192006 0.868259
0 0.814861 0.73974 0.0162228 0.0195672 0.867509
